point0 : 0.336971	0.098462
point1 : 0.268759	0.632308
point2 : 0.826739	0.638462
point3 : 0.778990	0.095385
contrast : 1.300000
brightness : -20.000000
threshold_black_stone : 0.250000
threshold_white_stone : 0.830000
