point0 : 0.274216	0.164615
point1 : 0.200546	0.947692
point2 : 0.926330	0.924615
point3 : 0.815825	0.143077
contrast : 1.200000
brightness : -10.000000
threshold_black_stone : 0.250000
threshold_white_stone : 0.750000
