point0 : 0.133697	0.053846
point1 : 0.025921	0.938462
point2 : 0.774898	0.956923
point3 : 0.738063	0.055385
contrast : 1.200000
brightness : -10.000000
threshold_black_stone : 0.250000
threshold_white_stone : 0.960000
