point0 : 0.257844	0.369231
point1 : 0.185539	0.846154
point2 : 0.686221	0.820000
point3 : 0.631651	0.361538
contrast : 1.400000
brightness : -60.000000
threshold_black_stone : 0.300000
threshold_white_stone : 0.880000
